000000000000000000000000
101100011011101101110010
101101001011111000010101
101101101000000011100000
101101111100000010111000
101110001011100011001111
101110011000001110000011
101110100010111011100101
101110101100001101011011
101110110100011001001110
101110111011101101110010
101111000010010101101001
101111001000011000100110
101111001101111100100100
101111010011000110001001
101111010111111000111101
101111011100010111111110
101111100000100101100101
101111100100100011110001
101111101000010100001110
101111101011111000010101
101111101111010001010100
101111110010100000001100
101111110101100101111000
101111111000100011001001
101111111011011000101100
101111111110000111000111
110000000000101110111101
110000000011010000101100
110000000101101100101111
110000001000000011100000
110000001010010101010101
110000001100100010100001
110000001110101011010111
110000010000110000001000
110000010010110001000010
110000010100101110010100
110000010110101000001011
110000011000011110110001
110000011010010010010010
110000011100000010111000
110000011101110000101100
110000011111011011110111
110000100001000100100000
110000100010101010101111
110000100100001110101011
110000100101110000011011
110000100111010000000100
110000101000101101101100
110000101010001001011001
110000101011100011001111
110000101100111011010011
110000101110010001101010
110000101111100110010111
110000110000111001100000
110000110010001011000110
110000110011011011001111
110000110100101001111100
110000110101110111010010
110000110111000011010100
110000111000001110000011
110000111001010111100100
110000111010011111111000
110000111011100111000010
110000111100101101000100
110000111101110010000001
110000111110110101111010
110000111111111000110010
110001000000111010101011
110001000001111011100110
110001000010111011100101
110001000011111010101011
110001000100111000110111
110001000101110110001101
110001000110110010101110
110001000111101110011010
110001001000101001010100
110001001001100011011101
110001001010011100110101
110001001011010101011111
110001001100001101011011
110001001101000100101011
110001001101111011001111
110001001110110001001001
110001001111100110011010
110001010000011011000010
110001010001001111000011
110001010010000010011101
110001010010110101010010
110001010011100111100010
110001010100011001001110
110001010101001010010111
110001010101111010111110
110001010110101011000011
110001010111011010100111
110001011000001001101011
110001011000111000001111
110001011001100110010101
110001011010010011111100
110001011011000001000110
110001011011101101110010
110001011100011010000010
110001011101000101110110
110001011101110001001111
110001011110011100001101
110001011111000110110001
110001011111110000111010
110001100000011010101011
110001100001000100000011
110001100001101101000010
110001100010010101101001
110001100010111101111001
110001100011100101110010
110001100100001101010100
110001100100110100011111
110001100101011011010101
110001100110000001110101
110001100110101000000000
110001100111001101110111
110001100111110011011000
110001101000011000100110
110001101000111101100000
110001101001100010000111
110001101010000110011010
110001101010101010011011
110001101011001110001001
110001101011110001100101
110001101100010100101111
110001101100110111100111
110001101101011010001110
110001101101111100100100
110001101110011110101001
110001101111000000011101
110001101111100010000001
110001110000000011010101
110001110000100100011010
110001110001000101001110
110001110001100101110011
110001110010000110001001
110001110010100110010000
110001110011000110001001
110001110011100101110010
110001110100000101001110
110001110100100100011011
110001110101000011011010
110001110101100010001100
110001110110000000110000
110001110110011111000111
110001110110111101010001
110001110111011011001101
110001110111111000111101
110001111000010110100000
110001111000110011110111
110001111001010001000001
110001111001101110000000
110001111010001010110010
110001111010100111011000
110001111011000011110011
110001111011100000000010
110001111011111100000110
110001111100010111111110
110001111100110011101011
110001111101001111001110
110001111101101010100101
110001111110000101110010
110001111110100000110100
110001111110111011101100
110001111111010110011001
110001111111110000111101
110010000000001011010110
110010000000100101100101
110010000000111111101010
110010000001011001100110
110010000001110011011000
110010000010001101000000
110010000010100110011111
110010000010111111110101
110010000011011001000010
110010000011110010000101
110010000100001011000000
110010000100100011110001
110010000100111100011010
110010000101010100111010
110010000101101101010010
110010000110000101100001
110010000110011101101000
110010000110110101100110
110010000111001101011100
110010000111100101001010
110010000111111100110000
110010001000010100001110
110010001000101011100100
110010001001000010110010
110010001001011001111001
110010001001110000111000
110010001010000111101111
110010001010011110011111
110010001010110101000111
110010001011001011101001
110010001011100010000010
110010001011111000010101
110010001100001110100001
110010001100100100100101
110010001100111010100011
110010001101010000011001
110010001101100110001001
110010001101111011110010
110010001110010001010100
110010001110100110110000
110010001110111100000101
110010001111010001010100
110010001111100110011100
110010001111111011011110
110010010000010000011001
110010010000100101001110
110010010000111001111101
110010010001001110100110
110010010001100011001000
110010010001110111100101
110010010010001011111011
110010010010100000001100
110010010010110100010111
110010010011001000011100
110010010011011100011011
110010010011110000010101
110010010100000100001000
110010010100010111110111
110010010100101011011111
110010010100111111000010
110010010101010010100000
110010010101100101111000
110010010101111001001011
110010010110001100011000
110010010110011111100000
110010010110110010100011
110010010111000101100001
110010010111011000011010
110010010111101011001101
110010010111111101111100
110010011000010000100101
110010011000100011001001
110010011000110101101001
110010011001001000000011
110010011001011010011001
110010011001101100101010
110010011001111110110110
110010011010010000111101
110010011010100011000000
110010011010110100111110
110010011011000110110111
110010011011011000101100
110010011011101010011100
110010011011111100001000
110010011100001101101111
110010011100011111010010
110010011100110000110000
110010011101000010001010
110010011101010011100000
110010011101100100110001
110010011101110101111110
110010011110000111000111
110010011110011000001100
110010011110101001001100
110010011110111010001000
110010011111001011000000
110010011111011011110100
110010011111101100100100
110010011111111101010000
110010100000001101111000
110010100000011110011100
110010100000101110111101
110010100000111111011001
110010100001001111110001
110010100001100000000110
110010100001110000010110
110010100010000000100011
110010100010010000101100
110010100010100000110010
110010100010110000110011
110010100011000000110001
110010100011010000101100
110010100011100000100010
110010100011110000010101
110010100100000000000101
110010100100001111110001
110010100100011111011001
110010100100101110111110
110010100100111110100000
110010100101001101111101
110010100101011101011000
110010100101101100101111
110010100101111100000011
110010100110001011010011
110010100110011010100000
110010100110101001101010
110010100110111000110001
110010100111000111110100
110010100111010110110100
110010100111100101110000
110010100111110100101010
110010101000000011100000
110010101000010010010011
110010101000100001000011
110010101000101111110000
110010101000111110011010
110010101001001101000001
110010101001011011100100
110010101001101010000101
110010101001111000100011
110010101010000110111101
110010101010010101010101
110010101010100011101001
110010101010110001111011
110010101011000000001010
110010101011001110010110
110010101011011100011111
110010101011101010100101
110010101011111000101000
110010101100000110101001
110010101100010100100110
110010101100100010100001
110010101100110000011001
110010101100111110001110
110010101101001100000001
110010101101011001110001
110010101101100111011110
110010101101110101001000
110010101110000010110000
110010101110010000010101
110010101110011101111000
110010101110101011010111
110010101110111000110101
110010101111000110001111
110010101111010011100111
110010101111100000111101
110010101111101110001111
110010101111111011100000
110010110000001000101110
110010110000010101111001
110010110000100011000010
110010110000110000001000
110010110000111101001100
110010110001001010001101
110010110001010111001100
110010110001100100001001
110010110001110001000011
110010110001111101111011
110010110010001010110000
110010110010010111100011
110010110010100100010100
110010110010110001000010
110010110010111101101111
110010110011001010011000
110010110011010111000000
110010110011100011100101
110010110011110000001000
110010110011111100101000
110010110100001001000111
110010110100010101100011
110010110100100001111101
110010110100101110010100
110010110100111010101010
110010110101000110111101
110010110101010011001110
110010110101011111011101
110010110101101011101010
110010110101110111110101
110010110110000011111110
110010110110010000000100
110010110110011100001000
110010110110101000001011
110010110110110100001011
110010110111000000001001
110010110111001100000101
110010110111010111111111
110010110111100011110111
110010110111101111101101
110010110111111011100001
110010111000000111010011
110010111000010011000011
110010111000011110110001
110010111000101010011101
110010111000110110000111
110010111001000001101111
110010111001001101010101
110010111001011000111010
110010111001100100011100
110010111001101111111100
110010111001111011011011
110010111010000110110111
110010111010010010010010
110010111010011101101011
110010111010101001000010
110010111010110100010111
110010111010111111101010
110010111011001010111100
110010111011010110001100
110010111011100001011001
110010111011101100100101
110010111011110111110000
110010111100000010111000
110010111100001101111111
110010111100011001000100
110010111100100100000111
110010111100101111001000
110010111100111010001000
110010111101000101000110
110010111101010000000010
110010111101011010111100
110010111101100101110101
110010111101110000101100
110010111101111011100001
110010111110000110010101
110010111110010001000111
110010111110011011110111
110010111110100110100110
110010111110110001010011
110010111110111011111110
110010111111000110101000
110010111111010001010000
110010111111011011110111
110010111111100110011100
110010111111110000111111
110010111111111011100000
110011000000000110000001
110011000000010000011111
110011000000011010111100
110011000000100101010111
110011000000101111110001
110011000000111010001001
110011000001000100100000
110011000001001110110101
110011000001011001001001
110011000001100011011011
110011000001101101101011
110011000001110111111010
110011000010000010001000
110011000010001100010100
110011000010010110011111
110011000010100000101000
110011000010101010101111
110011000010110100110101
110011000010111110111010
110011000011001000111101
110011000011010010111111
110011000011011100111111
110011000011100110111110
110011000011110000111100
110011000011111010111000
110011000100000100110010
110011000100001110101011
110011000100011000100011
110011000100100010011010
110011000100101100001111
110011000100110110000010
110011000100111111110100
110011000101001001100101
110011000101010011010101
110011000101011101000011
110011000101100110110000
110011000101110000011011
110011000101111010000101
110011000110000011101110
110011000110001101010101
110011000110010110111011
110011000110100000100000
110011000110101010000011
110011000110110011100110
110011000110111101000110
110011000111000110100110
110011000111010000000100
110011000111011001100001
110011000111100010111101
110011000111101100010111
110011000111110101110000
110011000111111111001000
110011001000001000011111
110011001000010001110100
110011001000011011001000
110011001000100100011011
110011001000101101101100
110011001000110110111101
110011001001000000001100
110011001001001001011010
110011001001010010100110
110011001001011011110010
110011001001100100111100
110011001001101110000101
110011001001110111001101
110011001010000000010011
110011001010001001011001
110011001010010010011101
110011001010011011100000
110011001010100100100010
110011001010101101100011
110011001010110110100010
110011001010111111100001
110011001011001000011110
110011001011010001011010
110011001011011010010101
110011001011100011001111
110011001011101100001000
110011001011110100111111
110011001011111101110110
110011001100000110101011
110011001100001111011111
110011001100011000010010
110011001100100001000100
110011001100101001110101
110011001100110010100101
110011001100111011010011
110011001101000100000001
110011001101001100101101
110011001101010101011001
110011001101011110000011
110011001101100110101100
110011001101101111010100
110011001101110111111011
110011001110000000100001
110011001110001001000110
110011001110010001101010
110011001110011010001101
110011001110100010101111
110011001110101011001111
110011001110110011101111
110011001110111100001110
110011001111000100101011
110011001111001101001000
110011001111010101100011
110011001111011101111110
110011001111100110010111
110011001111101110110000
110011001111110111000111
110011001111111111011110
110011010000000111110011
110011010000010000001000
110011010000011000011011
110011010000100000101110
110011010000101001000000
110011010000110001010000
110011010000111001100000
110011010001000001101110
110011010001001001111100
110011010001010010001000
110011010001011010010100
110011010001100010011111
110011010001101010101001
110011010001110010110001
110011010001111010111001
110011010010000011000000
110011010010001011000110
110011010010010011001011
110011010010011011001111
110011010010100011010010
110011010010101011010101
110011010010110011010110
110011010010111011010110
110011010011000011010110
110011010011001011010100
110011010011010011010010
110011010011011011001111
110011010011100011001010
110011010011101011000101
110011010011110010111111
110011010011111010111000
110011010100000010110001
110011010100001010101000
110011010100010010011110
110011010100011010010100
110011010100100010001000
110011010100101001111100
110011010100110001101111
110011010100111001100001
110011010101000001010010
110011010101001001000011
110011010101010000110010
110011010101011000100001
110011010101100000001110
110011010101100111111011
110011010101101111100111
110011010101110111010010
110011010101111110111101
110011010110000110100110
110011010110001110001111
110011010110010101110110
110011010110011101011101
110011010110100101000011
110011010110101100101001
110011010110110100001101
110011010110111011110001
110011010111000011010100
110011010111001010110110
110011010111010010010111
110011010111011001110111
110011010111100001010111
110011010111101000110101
110011010111110000010011
110011010111110111110001
110011010111111111001101
110011011000000110101000
110011011000001110000011
110011011000010101011101
110011011000011100110110
110011011000100100001111
110011011000101011100110
110011011000110010111101
110011011000111010010011
110011011001000001101001
110011011001001000111101
110011011001010000010001
110011011001010111100100
110011011001011110110110
110011011001100110000111
110011011001101101011000
110011011001110100101000
110011011001111011110111
110011011010000011000110
110011011010001010010011
110011011010010001100000
110011011010011000101100
110011011010011111111000
110011011010100111000011
110011011010101110001100
110011011010110101010110
110011011010111100011110
110011011011000011100110
110011011011001010101101
110011011011010001110011
110011011011011000111001
110011011011011111111110
110011011011100111000010
110011011011101110000101
110011011011110101001000
110011011011111100001010
110011011100000011001011
110011011100001010001100
110011011100010001001100
110011011100011000001011
110011011100011111001001
110011011100100110000111
110011011100101101000100
110011011100110100000001
110011011100111010111100
110011011101000001110111
110011011101001000110001
110011011101001111101011
110011011101010110100100
110011011101011101011100
110011011101100100010100
110011011101101011001011
110011011101110010000001
110011011101111000110110
110011011101111111101011
110011011110000110100000
110011011110001101010011
110011011110010100000110
110011011110011010111000
110011011110100001101010
110011011110101000011011
110011011110101111001011
110011011110110101111010
110011011110111100101001
110011011111000011011000
110011011111001010000101
110011011111010000110010
110011011111010111011110
110011011111011110001010
110011011111100100110101
110011011111101011100000
110011011111110010001001
110011011111111000110010
110011011111111111011011
110011100000000110000011
110011100000001100101010
110011100000010011010001
110011100000011001110111
110011100000100000011100
110011100000100111000001
110011100000101101100101
110011100000110100001000
110011100000111010101011
110011100001000001001101
110011100001000111101111
110011100001001110010000
110011100001010100110000
110011100001011011010000
110011100001100001101111
110011100001101000001110
110011100001101110101100
110011100001110101001001
110011100001111011100110
110011100010000010000010
110011100010001000011110
110011100010001110111001
110011100010010101010011
110011100010011011101101
110011100010100010000110
110011100010101000011111
110011100010101110110111
110011100010110101001111
110011100010111011100101
110011100011000001111100
110011100011001000010010
110011100011001110100111
110011100011010100111011
110011100011011011001111
110011100011100001100011
110011100011100111110110
110011100011101110001000
110011100011110100011010
110011100011111010101011
110011100100000000111011
110011100100000111001011
110011100100001101011011
110011100100010011101010
110011100100011001111000
110011100100100000000110
110011100100100110010011
110011100100101100100000
110011100100110010101100
110011100100111000110111
110011100100111111000010
110011100101000101001101
110011100101001011010111
110011100101010001100000
110011100101010111101001
110011100101011101110001
110011100101100011111001
110011100101101010000000
110011100101110000000111
110011100101110110001101
110011100101111100010011
110011100110000010011000
110011100110001000011101
110011100110001110100001
110011100110010100100100
110011100110011010100111
110011100110100000101010
110011100110100110101011
110011100110101100101101
110011100110110010101110
110011100110111000101110
110011100110111110101110
110011100111000100101101
110011100111001010101100
110011100111010000101010
110011100111010110101000
110011100111011100100101
110011100111100010100010
110011100111101000011110
110011100111101110011010
110011100111110100010101
110011100111111010010000
110011101000000000001010
110011101000000110000100
110011101000001011111101
110011101000010001110110
110011101000010111101110
110011101000011101100110
110011101000100011011101
110011101000101001010100
110011101000101111001010
110011101000110101000000
110011101000111010110101
110011101001000000101010
110011101001000110011110
110011101001001100010010
110011101001010010000110
110011101001010111111000
110011101001011101101011
110011101001100011011101
110011101001101001001110
110011101001101110111111
110011101001110100101111
110011101001111010011111
110011101010000000001111
110011101010000101111110
110011101010001011101100
110011101010010001011010
110011101010010111001000
110011101010011100110101
110011101010100010100010
110011101010101000001110
110011101010101101111010
110011101010110011100101
110011101010111001010000
110011101010111110111010
110011101011000100100100
110011101011001010001101
110011101011001111110110
110011101011010101011111
110011101011011011000111
110011101011100000101111
110011101011100110010110
110011101011101011111100
110011101011110001100011
110011101011110111001000
110011101011111100101110
110011101100000010010011
110011101100000111110111
110011101100001101011011
110011101100010010111111
110011101100011000100010
110011101100011110000100
110011101100100011100111
110011101100101001001000
110011101100101110101010
110011101100110100001011
110011101100111001101011
110011101100111111001011
110011101101000100101011
110011101101001010001010
110011101101001111101001
110011101101010101000111
110011101101011010100101
110011101101100000000010
110011101101100101011111
110011101101101010111100
110011101101110000011000
110011101101110101110100
110011101101111011001111
110011101110000000101010
110011101110000110000100
110011101110001011011110
110011101110010000111000
110011101110010110010001
110011101110011011101010
110011101110100001000010
110011101110100110011010
110011101110101011110010
110011101110110001001001
110011101110110110100000
110011101110111011110110
110011101111000001001100
110011101111000110100001
110011101111001011110110
110011101111010001001011
110011101111010110011111
110011101111011011110011
110011101111100001000111
110011101111100110011010
110011101111101011101100
110011101111110000111111
110011101111110110010000
110011101111111011100010
110011110000000000110011
110011110000000110000011
110011110000001011010100
110011110000010000100100
110011110000010101110011
110011110000011011000010
110011110000100000010001
110011110000100101011111
110011110000101010101101
110011110000101111111010
110011110000110101000111
110011110000111010010100
110011110000111111100000
110011110001000100101100
110011110001001001111000
110011110001001111000011
110011110001010100001110
110011110001011001011000
110011110001011110100010
110011110001100011101100
110011110001101000110101
110011110001101101111110
110011110001110011000110
110011110001111000001110
110011110001111101010110
110011110010000010011101
110011110010000111100100
110011110010001100101011
110011110010010001110001
110011110010010110110111
110011110010011011111100
110011110010100001000010
110011110010100110000110
110011110010101011001011
110011110010110000001111
110011110010110101010010
110011110010111010010101
110011110010111111011000
110011110011000100011011
110011110011001001011101
110011110011001110011111
110011110011010011100000
110011110011011000100001
110011110011011101100010
110011110011100010100010
110011110011100111100010
110011110011101100100010
110011110011110001100001
110011110011110110100000
110011110011111011011111
110011110100000000011101
110011110100000101011011
110011110100001010011000
110011110100001111010101
110011110100010100010010
110011110100011001001110
110011110100011110001010
110011110100100011000110
110011110100101000000010
110011110100101100111101
110011110100110001110111
110011110100110110110010
110011110100111011101100
110011110101000000100101
110011110101000101011110
110011110101001010010111
110011110101001111010000
110011110101010100001000
110011110101011001000000
110011110101011101111000
110011110101100010101111
110011110101100111100110
110011110101101100011100
110011110101110001010011
110011110101110110001000
110011110101111010111110
110011110101111111110011
110011110110000100101000
110011110110001001011101
110011110110001110010001
110011110110010011000101
110011110110010111111000
110011110110011100101011
110011110110100001011110
110011110110100110010001
110011110110101011000011
110011110110101111110101
110011110110110100100110
110011110110111001011000
110011110110111110001001
110011110111000010111001
110011110111000111101001
110011110111001100011001
110011110111010001001001
110011110111010101111000
110011110111011010100111
110011110111011111010110
110011110111100100000100
110011110111101000110010
110011110111101101100000
110011110111110010001101
110011110111110110111010
110011110111111011100111
110011111000000000010011
110011111000000100111111
110011111000001001101011
110011111000001110010110
110011111000010011000010
110011111000010111101100
110011111000011100010111
110011111000100001000001
110011111000100101101011
110011111000101010010100
110011111000101110111110
110011111000110011100111
110011111000111000001111
110011111000111100111000
110011111001000001100000
110011111001000110000111
110011111001001010101111
110011111001001111010110
110011111001010011111101
110011111001011000100011
110011111001011101001001
110011111001100001101111
110011111001100110010101
110011111001101010111010
110011111001101111011111
110011111001110100000100
110011111001111000101000
110011111001111101001100
110011111010000001110000
110011111010000110010011
110011111010001010110111
110011111010001111011001
110011111010010011111100
110011111010011000011110
110011111010011101000000
110011111010100001100010
110011111010100110000011
110011111010101010100100
110011111010101111000101
110011111010110011100110
110011111010111000000110
110011111010111100100110
110011111011000001000110
110011111011000101100101
110011111011001010000100
110011111011001110100011
110011111011010011000001
110011111011010111011111
110011111011011011111101
110011111011100000011011
110011111011100100111000
110011111011101001010101
110011111011101101110010
110011111011110010001111
110011111011110110101011
110011111011111011000111
110011111011111111100010
110011111100000011111110
110011111100001000011001
110011111100001100110011
110011111100010001001110
110011111100010101101000
110011111100011010000010
110011111100011110011100
110011111100100010110101
110011111100100111001110
110011111100101011100111
110011111100110000000000
110011111100110100011000
110011111100111000110000
110011111100111101001000
110011111101000001011111
110011111101000101110110
110011111101001010001101
110011111101001110100100
110011111101010010111010
