000000000000000000000000
010011100100010010001110
010101000100100111010100
010101111100111101101010
010110100100111100011010
010111000011111101001000
010111011101010010110000
010111110010101101110101
011000000101010001100000
011000010101101001000111
011000100100010010001110
011000110001100001111100
011000111101100111110110
011001001000101111110010
011001010011000010111011
011001011100101000100100
011001100101100110100110
011001101110000001110100
011001110101111110001101
011001111101011111000110
011010000100100111010100
011010001011011001010001
011010010001110111000010
011010011000000010011010
011010011101111100111100
011010100011101000000010
011010101001000100111000
011010101110010100100011
011010110011011000000001
011010111000010000001000
011010111100111101101010
011011000001100001010100
011011000101111011101100
011011001010001101011001
011011001110010110111010
011011010010011000101111
011011010110010011010011
011011011010000110111111
011011011101110100001100
011011100001011011001110
011011100100111100011010
011011101000011000000010
011011101011101110010111
011011101110111111101010
011011110010001100001000
011011110101010100000001
011011111000010111100000
011011111011010110110010
011011111110010010000010
011100000001001001011100
011100000011111101001000
011100000110101101010000
011100001001011001111110
011100001100000011011001
011100001110101001101001
011100010001001100110110
011100010011101101000111
011100010110001010100010
011100011000100101001110
011100011010111101010001
011100011101010010110000
011100011111100101110001
011100100001110110011010
011100100100000100101110
011100100110010000110010
011100101000011010101100
011100101010100010011111
011100101100101000001111
011100101110101100000000
011100110000101101110110
011100110010101101110101
011100110100101011111111
011100110110101000011001
011100111000100011000101
011100111010011100000101
011100111100010011011110
011100111110001001010010
011100111111111101100011
011101000001110000010100
011101000011100001101000
011101000101010001100000
011101000110111111111111
011101001000101101001000
011101001010011000111100
011101001100000011011101
011101001101101100101110
011101001111010100110000
011101010000111011100101
011101010010100001001110
011101010100000101101110
011101010101101001000111
011101010111001011011001
011101011000101100100110
011101011010001100110000
011101011011101011111000
011101011101001010000000
011101011110100111001001
011101100000000011010011
011101100001011110100010
011101100010111000110101
011101100100010010001110
011101100101101010101110
011101100111000010010110
011101101000011001001000
011101101001101111000100
011101101011000100001011
011101101100011000011111
011101101101101100000000
011101101110111110101111
011101110000010000101110
011101110001100001111100
011101110010110010011100
011101110100000010001101
011101110101010001010001
011101110110011111101000
011101110111101101010100
011101111000111010010100
011101111010000110101011
011101111011010010010111
011101111100011101011011
011101111101100111110110
011101111110110001101010
011101111111111010111000
011110000001000011011110
011110000010001011100000
011110000011010010111100
011110000100011001110100
011110000101100000001000
011110000110100101111000
011110000111101011000110
011110001000101111110010
011110001001110011111100
011110001010110111100101
011110001011111010101101
011110001100111101010101
011110001101111111011101
011110001111000001000110
011110010000000010010000
011110010001000010111100
011110010010000011001010
011110010011000010111011
011110010100000010001110
011110010101000001000101
011110010101111111100000
011110010110111101011111
011110010111111011000010
011110011000111000001011
011110011001110100111000
011110011010110001001011
011110011011101101000101
011110011100101000100100
011110011101100011101011
011110011110011110011000
011110011111011000101101
011110100000010010101001
011110100001001100001110
011110100010000101011010
011110100010111110010000
011110100011110110101110
011110100100101110110101
011110100101100110100110
011110100110011110000001
011110100111010101000101
011110101000001011110101
011110101001000010001110
011110101001111000010011
011110101010101110000010
011110101011100011011101
011110101100011000100011
011110101101001101010110
011110101110000001110100
011110101110110101111111
011110101111101001110110
011110110000011101011010
011110110001010000101011
011110110010000011101001
011110110010110110010100
011110110011101000101101
011110110100011010110100
011110110101001100101001
011110110101111110001101
011110110110101111011110
011110110111100000011111
011110111000010001001110
011110111001000001101100
011110111001110001111001
011110111010100001110110
011110111011010001100010
011110111100000000111110
011110111100110000001010
011110111101011111000110
011110111110001101110010
011110111110111100001111
011110111111101010011100
011111000000011000011001
011111000001000110001000
011111000001110011101000
011111000010100000111001
011111000011001101111011
011111000011111010101111
011111000100100111010100
011111000101010011101011
011111000101111111110100
011111000110101011101111
011111000111010111011100
011111001000000010111100
011111001000101110001110
011111001001011001010011
011111001010000100001010
011111001010101110110100
011111001011011001010001
011111001100000011100001
011111001100101101100101
011111001101010111011100
011111001110000001000110
011111001110101010100100
011111001111010011110101
011111001111111100111010
011111010000100101110100
011111010001001110100001
011111010001110111000010
011111010010011111011000
011111010011000111100010
011111010011101111100000
011111010100010111010011
011111010100111110111011
011111010101100110010111
011111010110001101101000
011111010110110100101110
011111010111011011101010
011111011000000010011010
011111011000101000111111
011111011001001111011010
011111011001110101101011
011111011010011011110001
011111011011000001101100
011111011011100111011101
011111011100001101000100
011111011100110010100001
011111011101010111110100
011111011101111100111100
011111011110100001111011
011111011111000110110000
011111011111101011011100
011111100000001111111110
011111100000110100010110
011111100001011000100100
011111100001111100101010
011111100010100000100110
011111100011000100011000
011111100011101000000010
011111100100001011100010
011111100100101110111010
011111100101010010001000
011111100101110101001110
011111100110011000001010
011111100110111010111110
011111100111011101101010
011111101000000000001100
011111101000100010100110
011111101001000100111000
011111101001100111000001
011111101010001001000010
011111101010101010111010
011111101011001100101011
011111101011101110010011
011111101100001111110011
011111101100110001001011
011111101101010010011011
011111101101110011100011
011111101110010100100011
011111101110110101011011
011111101111010110001100
011111101111110110110101
011111110000010111010110
011111110000110111110000
011111110001011000000010
011111110001111000001101
011111110010011000010000
011111110010111000001100
011111110011011000000001
011111110011110111101110
011111110100010111010100
011111110100110110110011
011111110101010110001011
011111110101110101011100
011111110110010100100110
011111110110110011101001
011111110111010010100101
011111110111110001011010
011111111000010000001000
011111111000101110110000
011111111001001101010001
011111111001101011101011
011111111010001001111110
011111111010101000001011
011111111011000110010001
011111111011100100010001
011111111100000010001011
011111111100011111111110
011111111100111101101010
011111111101011011010001
011111111101111000110001
011111111110010110001010
011111111110110011011110
011111111111010000101011
011111111111101101110011
100000000000001010110100
100000000000100111101111
100000000001000100100100
100000000001100001010100
100000000001111101111101
100000000010011010100000
100000000010110110111110
100000000011010011010110
100000000011101111101000
100000000100001011110100
100000000100100111111010
100000000101000011111011
100000000101011111110110
100000000101111011101100
100000000110010111011100
100000000110110011000111
100000000111001110101100
100000000111101010001100
100000001000000101100110
100000001000100000111011
100000001000111100001010
100000001001010111010100
100000001001110010011001
100000001010001101011001
100000001010101000010011
100000001011000011001000
100000001011011101111000
100000001011111000100011
100000001100010011001001
100000001100101101101001
100000001101001000000101
100000001101100010011100
100000001101111100101101
100000001110010110111010
100000001110110001000010
100000001111001011000101
100000001111100101000011
100000001111111110111100
100000010000011000110000
100000010000110010100000
100000010001001100001011
100000010001100101110001
100000010001111111010010
100000010010011000101111
100000010010110010000111
100000010011001011011010
100000010011100100101001
100000010011111101110100
100000010100010110111001
100000010100101111111011
100000010101001000110111
100000010101100001110000
100000010101111010100011
100000010110010011010011
100000010110101011111110
100000010111000100100100
100000010111011101000111
100000010111110101100101
100000011000001101111110
100000011000100110010100
100000011000111110100101
100000011001010110110010
100000011001101110111011
100000011010000110111111
100000011010011111000000
100000011010110110111100
100000011011001110110100
100000011011100110101000
100000011011111110011000
100000011100010110000100
100000011100101101101100
100000011101000101010000
100000011101011100110000
100000011101110100001100
100000011110001011100100
100000011110100010111000
100000011110111010001000
100000011111010001010101
100000011111101000011101
100000011111111111100010
100000100000010110100010
100000100000101101011111
100000100001000100011001
100000100001011011001110
100000100001110010000000
100000100010001000101110
100000100010011111011000
100000100010110101111111
100000100011001100100010
100000100011100011000001
100000100011111001011101
100000100100001111110101
100000100100100110001001
100000100100111100011010
100000100101010010100111
100000100101101000110001
100000100101111110110111
100000100110010100111010
100000100110101010111001
100000100111000000110101
100000100111010110101110
100000100111101100100010
100000101000000010010100
100000101000011000000010
100000101000101101101101
100000101001000011010100
100000101001011000111000
100000101001101110011001
100000101010000011110110
100000101010011001010000
100000101010101110100111
100000101011000011111010
100000101011011001001010
100000101011101110010111
100000101100000011100001
100000101100011000101000
100000101100101101101011
100000101101000010101011
100000101101010111101000
100000101101101100100010
100000101110000001011000
100000101110010110001100
100000101110101010111100
100000101110111111101010
100000101111010100010100
100000101111101000111011
100000101111111101011111
100000110000010010000001
100000110000100110011111
100000110000111010111010
100000110001001111010010
100000110001100011100111
100000110001110111111001
100000110010001100001000
100000110010100000010101
100000110010110100011110
100000110011001000100100
100000110011011100101000
100000110011110000101000
100000110100000100100110
100000110100011000100001
100000110100101100011001
100000110101000000001110
100000110101010100000001
100000110101100111110000
100000110101111011011101
100000110110001111000111
100000110110100010101110
100000110110110110010011
100000110111001001110100
100000110111011101010011
100000110111110000110000
100000111000000100001001
100000111000010111100000
100000111000101010110100
100000111000111110000101
100000111001010001010100
100000111001100100100000
100000111001110111101010
100000111010001010110001
100000111010011101110101
100000111010110000110111
100000111011000011110110
100000111011010110110010
100000111011101001101100
100000111011111100100011
100000111100001111011000
100000111100100010001010
100000111100110100111010
100000111101000111100111
100000111101011010010010
100000111101101100111010
100000111101111111011111
100000111110010010000010
100000111110100100100011
100000111110110111000001
100000111111001001011101
100000111111011011110110
100000111111101110001101
100001000000000000100010
100001000000010010110100
100001000000100101000100
100001000000110111010001
100001000001001001011100
100001000001011011100100
100001000001101101101010
100001000001111111101110
100001000010010001110000
100001000010100011101111
100001000010110101101100
100001000011000111100110
100001000011011001011110
100001000011101011010100
100001000011111101001000
100001000100001110111001
100001000100100000101000
100001000100110010010101
100001000101000100000000
100001000101010101101000
100001000101100111001110
100001000101111000110010
100001000110001010010100
100001000110011011110011
100001000110101101010000
100001000110111110101011
100001000111010000000100
100001000111100001011011
100001000111110010110000
100001001000000100000010
100001001000010101010010
100001001000100110100000
100001001000110111101100
100001001001001000110110
100001001001011001111110
100001001001101011000100
100001001001111100000111
100001001010001101001001
100001001010011110001000
100001001010101111000101
100001001011000000000000
100001001011010000111010
100001001011100001110001
100001001011110010100110
100001001100000011011001
100001001100010100001010
100001001100100100111001
100001001100110101100110
100001001101000110010001
100001001101010110111010
100001001101100111100001
100001001101111000000110
100001001110001000101001
100001001110011001001010
100001001110101001101001
100001001110111010000110
100001001111001010100010
100001001111011010111011
100001001111101011010010
100001001111111011101000
100001010000001011111011
100001010000011100001101
100001010000101100011100
100001010000111100101010
100001010001001100110110
100001010001011101000000
100001010001101101001000
100001010001111101001111
100001010010001101010011
100001010010011101010110
100001010010101101010110
100001010010111101010101
100001010011001101010010
100001010011011101001110
100001010011101101000111
100001010011111100111111
100001010100001100110100
100001010100011100101000
100001010100101100011011
100001010100111100001011
100001010101001011111010
100001010101011011100110
100001010101101011010001
100001010101111010111011
100001010110001010100010
100001010110011010001000
100001010110101001101100
100001010110111001001110
100001010111001000101111
100001010111011000001110
100001010111100111101011
100001010111110111000110
100001011000000110100000
100001011000010101111000
100001011000100101001110
100001011000110100100011
100001011001000011110110
100001011001010011000111
100001011001100010010111
100001011001110001100101
100001011010000000110001
100001011010001111111011
100001011010011111000100
100001011010101110001011
100001011010111101010001
100001011011001100010101
100001011011011011010111
100001011011101010011000
100001011011111001010111
100001011100001000010101
100001011100010111010001
100001011100100110001011
100001011100110101000100
100001011101000011111011
100001011101010010110000
100001011101100001100100
100001011101110000010111
100001011101111111000111
100001011110001101110111
100001011110011100100100
100001011110101011010000
100001011110111001111011
100001011111001000100100
100001011111010111001100
100001011111100101110001
100001011111110100010110
100001100000000010111001
100001100000010001011010
100001100000011111111010
100001100000101110011000
100001100000111100110101
100001100001001011010001
100001100001011001101010
100001100001101000000011
100001100001110110011010
100001100010000100101111
100001100010010011000011
100001100010100001010101
100001100010101111100110
100001100010111101110110
100001100011001100000100
100001100011011010010000
100001100011101000011100
100001100011110110100101
100001100100000100101110
100001100100010010110100
100001100100100000111010
100001100100101110111110
100001100100111101000000
100001100101001011000010
100001100101011001000001
100001100101100111000000
100001100101110100111101
100001100110000010111000
100001100110010000110010
100001100110011110101011
100001100110101100100010
100001100110111010011000
100001100111001000001101
100001100111010110000000
100001100111100011110010
100001100111110001100010
100001100111111111010010
100001101000001100111111
100001101000011010101100
100001101000101000010111
100001101000110110000001
100001101001000011101001
100001101001010001010000
100001101001011110110110
100001101001101100011010
100001101001111001111101
100001101010000111011111
100001101010010100111111
100001101010100010011111
100001101010101111111100
100001101010111101011001
100001101011001010110100
100001101011011000001110
100001101011100101100111
100001101011110010111110
100001101100000000010100
100001101100001101101001
100001101100011010111100
100001101100101000001111
100001101100110101100000
100001101101000010101111
100001101101001111111110
100001101101011101001011
100001101101101010010111
100001101101110111100010
100001101110000100101011
100001101110010001110011
100001101110011110111010
100001101110101100000000
100001101110111001000101
100001101111000110001000
100001101111010011001010
100001101111100000001011
100001101111101101001010
100001101111111010001001
100001110000000111000110
100001110000010100000010
100001110000100000111101
100001110000101101110110
100001110000111010101111
100001110001000111100110
100001110001010100011100
100001110001100001010001
100001110001101110000100
100001110001111010110111
100001110010000111101000
100001110010010100011000
100001110010100001000111
100001110010101101110101
100001110010111010100001
100001110011000111001101
100001110011010011110111
100001110011100000100000
100001110011101101001000
100001110011111001101111
100001110100000110010101
100001110100010010111010
100001110100011111011101
100001110100101011111111
100001110100111000100000
100001110101000101000001
100001110101010001011111
100001110101011101111101
100001110101101010011010
100001110101110110110110
100001110110000011010000
100001110110001111101001
100001110110011100000010
100001110110101000011001
100001110110110100101111
100001110111000001000100
100001110111001101011000
100001110111011001101011
100001110111100101111100
100001110111110010001101
100001110111111110011100
100001111000001010101011
100001111000010110111000
100001111000100011000101
100001111000101111010000
100001111000111011011010
100001111001000111100011
100001111001010011101011
100001111001011111110010
100001111001101011111000
100001111001110111111101
100001111010000100000001
100001111010010000000100
100001111010011100000101
100001111010101000000110
100001111010110100000110
100001111011000000000100
100001111011001100000010
100001111011010111111111
100001111011100011111010
100001111011101111110101
100001111011111011101110
100001111100000111100111
100001111100010011011110
100001111100011111010101
100001111100101011001010
100001111100110110111111
100001111101000010110010
100001111101001110100101
100001111101011010010110
100001111101100110000111
100001111101110001110110
100001111101111101100100
100001111110001001010010
100001111110010100111110
100001111110100000101010
100001111110101100010101
100001111110110111111110
100001111111000011100111
100001111111001111001110
100001111111011010110101
100001111111100110011011
100001111111110001111111
100001111111111101100011
100010000000001001000110
100010000000010100101000
100010000000100000001001
100010000000101011101001
100010000000110111000111
100010000001000010100110
100010000001001110000011
100010000001011001011111
100010000001100100111010
100010000001110000010100
100010000001111011101110
100010000010000111000110
100010000010010010011101
100010000010011101110100
100010000010101001001010
100010000010110100011110
100010000010111111110010
100010000011001011000101
100010000011010110010111
100010000011100001101000
100010000011101100111000
100010000011111000000111
100010000100000011010101
100010000100001110100011
100010000100011001101111
100010000100100100111011
100010000100110000000101
100010000100111011001111
100010000101000110011000
100010000101010001100000
100010000101011100100111
100010000101100111101101
100010000101110010110011
100010000101111101110111
100010000110001000111011
100010000110010011111101
100010000110011110111111
100010000110101010000000
100010000110110101000000
100010000110111111111111
100010000111001010111110
100010000111010101111011
100010000111100000111000
100010000111101011110100
100010000111110110101110
100010001000000001101000
100010001000001100100010
100010001000010111011010
100010001000100010010001
100010001000101101001000
100010001000110111111110
100010001001000010110011
100010001001001101100111
100010001001011000011010
100010001001100011001100
100010001001101101111110
100010001001111000101111
100010001010000011011111
100010001010001110001110
100010001010011000111100
100010001010100011101001
100010001010101110010110
100010001010111001000010
100010001011000011101101
100010001011001110010111
100010001011011001000000
100010001011100011101001
100010001011101110010000
100010001011111000110111
100010001100000011011101
100010001100001110000011
100010001100011000100111
100010001100100011001011
100010001100101101101110
100010001100111000010000
100010001101000010110001
100010001101001101010001
100010001101010111110001
100010001101100010010000
100010001101101100101110
100010001101110111001011
100010001110000001101000
100010001110001100000011
100010001110010110011110
100010001110100000111001
100010001110101011010010
100010001110110101101011
100010001111000000000010
100010001111001010011001
100010001111010100110000
100010001111011111000101
100010001111101001011010
100010001111110011101110
100010001111111110000001
100010010000001000010100
100010010000010010100101
100010010000011100110110
100010010000100111000111
100010010000110001010110
100010010000111011100101
100010010001000101110011
100010010001010000000000
100010010001011010001100
100010010001100100011000
100010010001101110100011
100010010001111000101101
100010010010000010110110
100010010010001100111111
100010010010010111000111
100010010010100001001110
100010010010101011010101
100010010010110101011011
100010010010111111100000
100010010011001001100100
100010010011010011100111
100010010011011101101010
100010010011100111101100
100010010011110001101110
100010010011111011101110
100010010100000101101110
100010010100001111101110
100010010100011001101100
100010010100100011101010
100010010100101101100111
100010010100110111100011
100010010101000001011111
100010010101001011011010
100010010101010101010100
100010010101011111001110
100010010101101001000111
100010010101110010111111
100010010101111100110110
100010010110000110101101
100010010110010000100011
100010010110011010011000
100010010110100100001101
100010010110101110000001
100010010110110111110100
100010010111000001100111
100010010111001011011001
100010010111010101001010
100010010111011110111010
100010010111101000101010
100010010111110010011001
100010010111111100001000
100010011000000101110110
100010011000001111100011
100010011000011001001111
100010011000100010111011
100010011000101100100110
100010011000110110010000
100010011000111111111010
100010011001001001100011
100010011001010011001100
100010011001011100110011
100010011001100110011010
100010011001110000000001
100010011001111001100110
100010011010000011001100
100010011010001100110000
100010011010010110010100
100010011010011111110111
100010011010101001011001
100010011010110010111011
100010011010111100011100
100010011011000101111101
100010011011001111011100
100010011011011000111100
100010011011100010011010
100010011011101011111000
100010011011110101010101
100010011011111110110010
100010011100001000001110
100010011100010001101001
100010011100011011000100
100010011100100100011110
100010011100101101110111
100010011100110111010000
100010011101000000101000
100010011101001010000000
100010011101010011010111
100010011101011100101101
100010011101100110000011
100010011101101111011000
100010011101111000101100
100010011110000010000000
100010011110001011010011
100010011110010100100101
100010011110011101110111
100010011110100111001001
100010011110110000011001
100010011110111001101001
100010011111000010111001
100010011111001100000111
100010011111010101010110
100010011111011110100011
100010011111100111110000
100010011111110000111101
100010011111111010001000
100010100000000011010011
100010100000001100011110
100010100000010101101000
100010100000011110110001
100010100000100111111010
100010100000110001000010
100010100000111010001010
100010100001000011010001
100010100001001100010111
100010100001010101011101
100010100001011110100010
100010100001100111100110
100010100001110000101010
100010100001111001101110
100010100010000010110001
100010100010001011110011
100010100010010100110100
100010100010011101110101
100010100010100110110110
100010100010101111110110
100010100010111000110101
100010100011000001110100
100010100011001010110010
100010100011010011101111
100010100011011100101100
100010100011100101101001
100010100011101110100100
100010100011110111100000
100010100100000000011010
100010100100001001010100
100010100100010010001110
100010100100011011000111
100010100100100011111111
100010100100101100110111
100010100100110101101110
100010100100111110100101
100010100101000111011011
100010100101010000010001
100010100101011001000110
100010100101100001111010
100010100101101010101110
100010100101110011100001
100010100101111100010100
100010100110000101000110
100010100110001101111000
100010100110010110101001
100010100110011111011010
100010100110101000001010
100010100110110000111001
100010100110111001101000
100010100111000010010110
100010100111001011000100
100010100111010011110001
100010100111011100011110
