000000000000000000000000
000000000000000000000000
000110000001010100011000
001001100010101101110001
001100000010101000110000
001101111110101011100111
001111100100000010001001
010000111001101110011011
010010000011111101001000
010011000101011011100010
010100000000000000000000
010100110100111110111000
010101100101010110100001
010110010001110110001111
010110111011000010110011
010111100001011001011001
011000000101010001100000
011000100110111110011000
011001000110101111111011
011001100100110011011111
011010000001010100011000
011010011100011100001101
011010110110010011010001
011011001111000000101111
011011100110101010111001
011011111101010111001111
011100010011001010100111
011100101000001001010100
011100111100010111001011
011101001111110111101001
011101100010101101110001
011101110100111100010110
011110000110100101111000
011110010111101100101010
011110101000010010110000
011110111000011010000011
011111001000000100010011
011111010111010011000101
011111100110000111110111
011111110100100100000000
100000000010101000110000
100000010000010111010000
100000011101110000100101
100000101010110101101111
100000110111100111101001
100001000100000111001010
100001010000010101000111
100001011100010010010000
100001100111111111010010
100001110011011100110111
100001111110101011100111
100010001001101100001001
100010010100011110111111
100010011111000100101011
100010101001011101101100
100010110011101010100000
100010111101101011100100
100011000111100001010001
100011010001001100000001
100011011010101100001100
100011100100000010001001
100011101101001110001110
100011110110010000101110
100011111111001001111110
100100000111111010010000
100100010000100001110111
100100011001000001000010
100100100001011000000011
100100101001100111001000
100100110001101110100001
100100111001101110011011
100101000001100111000101
100101001001011000101011
100101010001000011011010
100101011000100111011101
100101100000000101000001
100101100111011100001111
100101101110101101010100
100101110101111000011000
100101111100111101100111
100110000011111101001000
100110001010110111000101
100110010001101011101000
100110011000011010111000
100110011111000100111101
100110100101101001111111
100110101100001010000111
100110110010100101011010
100110111000111100000001
100110111111001110000001
100111000101011011100010
100111001011100100101010
100111010001101001011111
100111010111101010000111
100111011101100110101000
100111100011011111000111
100111101001010011101010
100111101111000100010101
100111110100110001001111
100111111010011010011011
101000000000000000000000
101000000101100010000000
101000001011000000100001
101000010000011011101000
101000010101110011010111
101000011011000111110100
101000100000011001000011
101000100101100111000111
101000101010110010000100
101000101111111001111110
101000110100111110111000
101000111010000000110110
101000111110111111111100
101001000011111100001011
101001001000110101101001
101001001101101100010111
101001010010100000011001
101001010111010001110010
101001011100000000100100
101001100000101100110011
101001100101010110100001
101001101001111101110001
101001101110100010100110
101001110011000101000001
101001110111100101000110
101001111100000010110111
101010000000011110010110
101010000100110111100110
101010001001001110101001
101010001101100011100000
101010010001110110001111
101010010110000110110111
101010011010010101011010
101010011110100001111011
101010100010101100011011
101010100110110100111100
101010101010111011100000
101010101111000000001001
101010110011000010111001
101010110111000011110001
101010111011000010110011
101010111111000000000001
101011000010111011011101
101011000110110101001000
101011001010101101000011
101011001110100011010001
101011010010010111110010
101011010110001010101000
101011011001111011110101
101011011101101011011010
101011100001011001011001
101011100101000101110010
101011101000110000101000
101011101100011001111011
101011110000000001101100
101011110011100111111110
101011110111001100110001
101011111010110000000110
101011111110010001111111
101100000001110010011100
101100000101010001100000
101100001000101111001011
101100001100001011011110
101100001111100110011010
101100010011000000000000
101100010110011000010010
101100011001101111010000
101100011101000100111011
101100100000011001010101
101100100011101100011110
101100100110111110011000
101100101010001111000010
101100101101011110011111
101100110000101100101111
101100110011111001110010
101100110111000101101011
101100111010010000011001
101100111101011001111110
101101000000100010011010
101101000011101001101110
101101000110101111111011
101101001001110101000001
101101001100111001000011
101101001111111011111111
101101010010111101111000
101101010101111110101101
101101011000111110100000
101101011011111101010000
101101011110111011000000
101101100001110111110000
101101100100110011011111
101101100111101110010000
101101101010101000000010
101101101101100000110110
101101110000011000101101
101101110011001111101000
101101110110000101100111
101101111000111010101011
101101111011101110110011
101101111110100010000010
101110000001010100011000
101110000100000101110100
101110000110110110011000
101110001001100110000100
101110001100010100111001
101110001111000010111000
101110010001110000000000
101110010100011100010010
101110010111000111101111
101110011001110010011000
101110011100011100001101
101110011111000101001101
101110100001101101011011
101110100100010100110110
101110100110111011011111
101110101001100001010110
101110101100000110011100
101110101110101010110010
101110110001001110010110
101110110011110001001011
101110110110010011010001
101110111000110100100111
101110111011010101001111
101110111101110101001000
101111000000010100010100
101111000010110010110010
101111000101010000100100
101111000111101101101000
101111001010001010000001
101111001100100101101110
101111001111000000101111
101111010001011011000101
101111010011110100110001
101111010110001101110011
101111011000100110001010
101111011010111101111000
101111011101010100111100
101111011111101011011000
101111100010000001001011
101111100100010110010110
101111100110101010111001
101111101000111110110101
101111101011010010001001
101111101101100100110111
101111101111110110111110
101111110010001000011111
101111110100011001011001
101111110110101001101111
101111111000111001011110
101111111011001000101001
101111111101010111001111
101111111111100101010001
110000000001110010101110
110000000011111111101000
110000000110001011111110
110000001000010111110001
110000001010100011000001
110000001100101101101110
110000001110110111111000
110000010001000001100001
110000010011001010100111
110000010101010011001100
110000010111011011001111
110000011001100010110001
110000011011101001110010
110000011101110000010011
110000011111110110010011
110000100001111011110011
110000100100000000110011
110000100110000101010011
110000101000001001010100
110000101010001100110110
110000101100001111111000
110000101110010010011100
110000110000010100100001
110000110010010110001000
110000110100010111010001
110000110110010111111100
110000111000011000001001
110000111010010111111001
110000111100010111001011
110000111110010110000001
110001000000010100011010
110001000010010010010110
110001000100001111110101
110001000110001100111001
110001001000001001100000
110001001010000101101011
110001001100000001011011
110001001101111100110000
110001001111110111101001
110001010001110010000111
110001010011101100001010
110001010101100101110010
110001010111011111000000
110001011001010111110100
110001011011010000001101
110001011101001000001101
110001011110111111110010
110001100000110110111110
110001100010101101110001
110001100100100100001010
110001100110011010001010
110001101000001111110001
110001101010000101000000
110001101011111001110101
110001101101101110010011
110001101111100010011000
110001110001010110000100
110001110011001001011001
110001110100111100010110
110001110110101110111011
110001111000100001001001
110001111010010010111111
110001111100000100011110
110001111101110101100110
110001111111100110010111
110010000001010110110001
110010000011000110110101
110010000100110110100010
110010000110100101111000
110010001000010100111001
110010001010000011100011
110010001011110001110111
110010001101011111110110
110010001111001101011111
110010010000111010110010
110010010010100111110000
110010010100010100011000
110010010110000000101100
110010010111101100101010
110010011001011000010011
110010011011000011101000
110010011100101110101000
110010011110011001010011
110010100000000011101010
110010100001101101101101
110010100011010111011100
110010100101000000110110
110010100110101001111101
110010101000010010110000
110010101001111011001111
110010101011100011011010
110010101101001011010010
110010101110110010110111
110010110000011010001000
110010110010000001000111
110010110011100111110010
110010110101001110001010
110010110110110100010000
110010111000011010000011
110010111001111111100011
110010111011100100110001
110010111101001001101101
110010111110101110010110
110011000000010010101101
110011000001110110110010
110011000011011010100101
110011000100111110000110
110011000110100001010101
110011001000000100010011
110011001001100110111111
110011001011001001011001
110011001100101011100011
110011001110001101011011
110011001111101111000010
110011010001010000010111
110011010010110001011100
110011010100010010010000
110011010101110010110011
110011010111010011000101
110011011000110011000111
110011011010010010111000
110011011011110010011000
110011011101010001101001
110011011110110000101001
110011100000001111011000
110011100001101101111000
110011100011001100001000
110011100100101010000111
110011100110000111110111
110011100111100101010111
110011101001000010101000
110011101010011111101001
110011101011111100011010
110011101101011000111100
110011101110110101001110
110011110000010001010010
110011110001101101000110
110011110011001000101010
110011110100100100000000
110011110101111111000111
110011110111011001111111
110011111000110100101000
110011111010001111000011
110011111011101001001110
110011111101000011001100
110011111110011100111010
110011111111110110011010
110100000001001111101100
110100000010101000110000
110100000100000001100101
110100000101011010001100
110100000110110010100101
110100001000001010110000
110100001001100010101101
110100001010111010011100
110100001100010001111110
110100001101101001010001
110100001111000000010111
110100010000010111010000
110100010001101101111011
110100010011000100011000
110100010100011010101000
110100010101110000101010
110100010111000110100000
110100011000011100001000
110100011001110001100010
110100011011000110110000
110100011100011011110001
110100011101110000100101
110100011111000101001100
110100100000011001100110
110100100001101101110011
110100100011000001110011
110100100100010101100111
110100100101101001001110
110100100110111100101001
110100101000001111110111
110100101001100010111001
110100101010110101101111
110100101100001000011000
110100101101011010110101
110100101110101101000101
110100101111111111001010
110100110001010001000010
110100110010100010101110
110100110011110100001111
110100110101000101100011
110100110110010110101100
110100110111100111101001
110100111000111000011010
110100111010001000111111
110100111011011001011001
110100111100101001100111
110100111101111001101001
110100111111001001100000
110101000000011001001100
110101000001101000101100
110101000010111000000001
110101000100000111001010
110101000101010110001001
110101000110100100111100
110101000111110011100100
110101001001000010000000
110101001010010000010010
110101001011011110011001
110101001100101100010101
110101001101111010000110
110101001111000111101100
110101010000010101000111
110101010001100010011000
110101010010101111011110
110101010011111100011001
110101010101001001001001
110101010110010101101111
110101010111100010001011
110101011000101110011100
110101011001111010100010
110101011011000110011110
110101011100010010010000
110101011101011101110111
110101011110101001010101
110101011111110100100111
110101100000111111110000
110101100010001010101111
110101100011010101100011
110101100100100000001110
110101100101101010101110
110101100110110101000101
110101100111111111010010
110101101001001001010100
110101101010010011001101
110101101011011100111100
110101101100100110100010
110101101101101111111101
110101101110111001001111
110101110000000010010111
110101110001001011010110
110101110010010100001011
110101110011011100110111
110101110100100101011001
110101110101101101110001
110101110110110110000001
110101110111111110000111
110101111001000110000011
110101111010001101110110
110101111011010101100000
110101111100011101000001
110101111101100100011001
110101111110101011100111
110101111111110010101101
110110000000111001101001
110110000010000000011100
110110000011000111000111
110110000100001101101000
110110000101010100000000
110110000110011010010000
110110000111100000010110
110110001000100110010100
110110001001101100001001
110110001010110001110101
110110001011110111011001
110110001100111100110100
110110001110000010000110
110110001111000111001111
110110010000001100010000
110110010001010001001001
110110010010010101111001
110110010011011010100000
110110010100011110111111
110110010101100011010110
110110010110100111100100
110110010111101011101010
110110011000101111100111
110110011001110011011100
110110011010110111001001
110110011011111010101110
110110011100111110001010
110110011110000001011111
110110011111000100101011
110110100000000111101111
110110100001001010101011
110110100010001101011111
110110100011010000001011
110110100100010010101111
110110100101010101001011
110110100110010111011111
110110100111011001101011
110110101000011011110000
110110101001011101101100
110110101010011111100001
110110101011100001001110
110110101100100010110011
110110101101100100010000
110110101110100101100110
110110101111100110110100
110110110000100111111010
110110110001101000111001
110110110010101001110001
110110110011101010100000
110110110100101011001000
110110110101101011101001
110110110110101100000010
110110110111101100010100
110110111000101100011110
110110111001101100100001
110110111010101100011101
110110111011101100010001
110110111100101011111110
110110111101101011100100
110110111110101011000010
110110111111101010011001
110111000000101001101001
110111000001101000110010
110111000010100111110011
110111000011100110101110
110111000100100101100001
110111000101100100001101
110111000110100010110010
110111000111100001010001
110111001000011111101000
110111001001011101111000
110111001010011100000001
110111001011011010000011
110111001100010111111111
110111001101010101110011
110111001110010011100001
110111001111010001001000
110111010000001110101000
110111010001001100000001
110111010010001001010011
110111010011000110011111
110111010100000011100100
110111010101000000100010
110111010101111101011010
110111010110111010001011
110111010111110110110101
110111011000110011011000
110111011001101111110110
110111011010101100001100
110111011011101000011100
110111011100100100100110
110111011101100000101000
110111011110011100100101
110111011111011000011011
110111100000010100001011
110111100001001111110100
110111100010001011010111
110111100011000110110011
110111100100000010001001
110111100100111101011001
110111100101111000100010
110111100110110011100110
110111100111101110100010
110111101000101001011001
110111101001100100001010
110111101010011110110100
110111101011011001011000
110111101100010011110110
110111101101001110001110
110111101110001000011111
110111101111000010101011
110111101111111100110000
110111110000110110110000
110111110001110000101001
110111110010101010011100
110111110011100100001010
110111110100011101110001
110111110101010111010011
110111110110010000101110
110111110111001010000100
110111111000000011010011
110111111000111100011101
110111111001110101100001
110111111010101110011111
110111111011100111010111
110111111100100000001010
110111111101011000110110
110111111110010001011101
110111111111001001111110
111000000000000010011001
111000000000111010101111
111000000001110010111111
111000000010101011001001
111000000011100011001110
111000000100011011001101
111000000101010011000110
111000000110001010111010
111000000111000010101000
111000000111111010010000
111000001000110001110011
111000001001101001010001
111000001010100000101001
111000001011010111111011
111000001100001111001000
111000001101000110001111
111000001101111101010001
111000001110110100001110
111000001111101011000101
111000010000100001110111
111000010001011000100011
111000010010001111001010
111000010011000101101100
111000010011111100001000
111000010100110010011111
111000010101101000110000
111000010110011110111101
111000010111010101000100
111000011000001011000101
111000011001000001000010
111000011001110110111001
111000011010101100101011
111000011011100010011000
111000011100011000000000
111000011101001101100011
111000011110000011000000
111000011110111000011000
111000011111101101101100
111000100000100010111010
111000100001011000000011
111000100010001101000110
111000100011000010000101
111000100011110110111111
111000100100101011110100
111000100101100000100100
111000100110010101001110
111000100111001001110100
111000100111111110010101
111000101000110010110001
111000101001100111001000
111000101010011011011010
111000101011001111100111
111000101100000011101111
111000101100110111110010
111000101101101011110001
111000101110011111101010
111000101111010011011111
111000110000000111001111
111000110000111010111010
111000110001101110100001
111000110010100010000010
111000110011010101011111
111000110100001000110111
111000110100111100001010
111000110101101111011001
111000110110100010100011
111000110111010101101000
111000111000001000101000
111000111000111011100100
111000111001101110011011
111000111010100001001110
111000111011010011111011
111000111100000110100101
111000111100111001001001
111000111101101011101001
111000111110011110000101
111000111111010000011100
111001000000000010101110
111001000000110100111100
111001000001100111000101
111001000010011001001010
111001000011001011001010
111001000011111101000110
111001000100101110111101
111001000101100000110000
111001000110010010011110
111001000111000100001000
111001000111110101101101
111001001000100111001110
111001001001011000101011
111001001010001010000011
111001001010111011010111
111001001011101100100110
111001001100011101110010
111001001101001110111000
111001001101111111111011
111001001110110000111001
111001001111100001110011
111001010000010010101000
111001010001000011011010
111001010001110100000111
111001010010100100101111
111001010011010101010100
111001010100000101110100
111001010100110110010000
111001010101100110101000
111001010110010110111011
111001010111000111001011
111001010111110111010110
111001011000100111011101
111001011001010111100000
111001011010000111011111
111001011010110111011001
111001011011100111010000
111001011100010111000010
111001011101000110110000
111001011101110110011011
111001011110100110000001
111001011111010101100011
111001100000000101000001
111001100000110100011011
111001100001100011110000
111001100010010011000010
111001100011000010010000
111001100011110001011010
111001100100100000100000
111001100101001111100010
111001100101111110100000
111001100110101101011010
111001100111011100001111
111001101000001011000001
111001101000111001110000
111001101001101000011010
111001101010010111000000
111001101011000101100010
111001101011110100000001
111001101100100010011011
111001101101010000110010
111001101101111111000101
111001101110101101010100
111001101111011011011111
111001110000001001100110
111001110000110111101010
111001110001100101101010
111001110010010011100110
111001110011000001011110
111001110011101111010010
111001110100011101000011
111001110101001010101111
111001110101111000011000
111001110110100101111110
111001110111010011011111
111001111000000000111101
111001111000101110010111
111001111001011011101110
111001111010001001000000
111001111010110110010000
111001111011100011011011
111001111100010000100011
111001111100111101100111
111001111101101010100111
111001111110010111100100
111001111111000100011101
111001111111110001010010
111010000000011110000100
111010000001001010110011
111010000001110111011101
111010000010100100000100
111010000011010000101000
111010000011111101001000
111010000100101001100100
111010000101010101111101
111010000110000010010011
111010000110101110100100
111010000111011010110011
111010001000000110111101
111010001000110011000101
111010001001011111001000
111010001010001011001001
111010001010110111000101
111010001011100010111111
111010001100001110110101
111010001100111010100111
111010001101100110010110
111010001110010010000010
111010001110111101101010
111010001111101001001110
111010010000010100110000
111010010001000000001101
111010010001101011101000
111010010010010110111111
111010010011000010010011
111010010011101101100011
111010010100011000110000
111010010101000011111010
111010010101101111000000
111010010110011010000011
111010010111000101000010
111010010111101111111111
111010011000011010111000
111010011001000101101101
111010011001110000100000
111010011010011011001111
111010011011000101111011
111010011011110000100011
111010011100011011001000
111010011101000101101010
111010011101110000001001
111010011110011010100101
111010011111000100111101
111010011111101111010010
111010100000011001100100
111010100001000011110010
111010100001101101111110
111010100010011000000110
111010100011000010001011
111010100011101100001101
111010100100010110001100
111010100101000000000111
111010100101101001111111
111010100110010011110101
111010100110111101100111
111010100111100111010110
111010101000010001000001
111010101000111010101010
111010101001100100010000
111010101010001101110010
111010101010110111010001
111010101011100000101110
111010101100001010000111
111010101100110011011101
111010101101011100110000
111010101110000110000000
111010101110101111001101
111010101111011000010111
111010110000000001011101
111010110000101010100001
111010110001010011100010
111010110001111100100000
111010110010100101011010
111010110011001110010010
111010110011110111000111
111010110100011111111000
111010110101001000100111
111010110101110001010011
111010110110011001111011
111010110111000010100001
111010110111101011000100
111010111000010011100100
111010111000111100000001
111010111001100100011011
111010111010001100110010
111010111010110101000110
111010111011011101010111
111010111100000101100101
111010111100101101110001
111010111101010101111001
111010111101111101111111
111010111110100110000010
111010111111001110000001
111010111111110101111110
111011000000011101111000
111011000001000101110000
111011000001101101100100
111011000010010101010101
111011000010111101000100
111011000011100100110000
111011000100001100011001
111011000100110011111111
111011000101011011100010
111011000110000011000011
111011000110101010100001
111011000111010001111100
111011000111111001010100
111011001000100000101001
111011001001000111111100
111011001001101111001100
111011001010010110011001
111011001010111101100011
111011001011100100101010
111011001100001011101111
111011001100110010110001
111011001101011001110001
111011001110000000101101
111011001110100111100111
111011001111001110011110
111011001111110101010010
111011010000011100000100
111011010001000010110011
111011010001101001011111
111011010010010000001001
111011010010110110110000
111011010011011101010100
111011010100000011110110
111011010100101010010101
111011010101010000110001
111011010101110111001010
111011010110011101100001
111011010111000011110110
111011010111101010000111
111011011000010000010110
111011011000110110100011
111011011001011100101101
111011011010000010110100
111011011010101000111000
111011011011001110111010
111011011011110100111010
111011011100011010110110
111011011101000000110000
111011011101100110101000
111011011110001100011101
111011011110110010001111
111011011111010111111111
111011011111111101101101
111011100000100011010111
111011100001001001000000
111011100001101110100101
111011100010010100001000
111011100010111001101001
111011100011011111000111
111011100100000100100011
111011100100101001111100
111011100101001111010010
111011100101110100100110
111011100110011001111000
111011100110111111000111
111011100111100100010011
111011101000001001011101
111011101000101110100101
111011101001010011101010
111011101001111000101100
111011101010011101101100
111011101011000010101010
111011101011100111100101
111011101100001100011110
111011101100110001010100
111011101101010110001000
111011101101111010111010
111011101110011111101001
111011101111000100010101
111011101111101000111111
111011110000001101100111
111011110000110010001101
111011110001010110101111
111011110001111011010000
111011110010011111101110
111011110011000100001010
111011110011101000100011
111011110100001100111010
111011110100110001001111
111011110101010101100001
111011110101111001110001
111011110110011101111110
111011110111000010001010
111011110111100110010010
111011111000001010011001
111011111000101110011101
111011111001010010011111
111011111001110110011110
111011111010011010011011
111011111010111110010110
111011111011100010001111
111011111100000110000101
111011111100101001111001
111011111101001101101010
111011111101110001011001
111011111110010101000110
111011111110111000110001
111011111111011100011001
111100000000000000000000
111100000000100011100011
111100000001000111000101
111100000001101010100100
111100000010001110000001
111100000010110001011100
111100000011010100110100
111100000011111000001011
111100000100011011011111
111100000100111110110000
111100000101100010000000
111100000110000101001101
111100000110101000011000
111100000111001011100001
111100000111101110101000
111100001000010001101100
111100001000110100101110
111100001001010111101110
111100001001111010101100
111100001010011101101000
111100001011000000100001
111100001011100011011000
111100001100000110001101
111100001100101001000000
